319.08 117
198.0 200
281.95 52
289.8 76
425.35 27
374.59 94
743.6 12
473.57 46
458.92 62
445.92 26
326.3 28
337.69 35
233.96 40
336.8 50
417.33 46
374.93 45
559.15 22
322.76 80
223.86 47
241.83 90
324.1 45
402.79 38
282.51 35
583.89 24
286.1 80
504.96 16
475.8 112
437.83 37
351.58 125
403.67 25
326.15 45
430.14 37
426.54 58
597.84 25
284.65 29
327.99 35
317.92 109
264.52 82
425.99 49
257.41 316
182.93 71
304.97 111
240.36 65
311.11 49
357.41 54
440.43 39
386.91 37
322.07 275
555.5 14
295.63 34
228.45 63
346.03 129
337.82 27
349.35 54
566.95 96
206.24 65
254.89 100
197.17 217
365.09 41
424.27 13
298.31 26
383.83 44
373.72 141
381.03 79
288.79 506
373.21 55
201.68 53
440.35 51
280.46 106
777.33 28
266.31 110
296.57 46
361.47 114
269.76 72
391.58 50
432.88 130
275.3 138
383.57 21
329.36 107
435.68 97
405.83 26
326.98 398
217.89 61
252.43 40
404.02 40
334.46 111
255.75 28
692.34 42
211.63 222
379.67 34
471.62 52
327.74 39
309.38 91
431.7 60
239.05 159
284.56 47
321.07 41
355.2 66
368.97 42
399.37 51
302.86 47
359.93 50
419.36 37
537.97 37
238.12 805
330.84 40
706.63 52
645.72 35
283.88 59
285.91 113
260.23 103
355.69 104
428.06 25
185.58 853
335.65 49
312.48 66
205.69 225
360.16 55
260.14 67
329.33 33
279.53 52
317.05 695
203.88 38
305.51 61
273.17 90
348.43 39
249.16 58
324.14 102
621.93 33
418.31 46
289.15 170
349.8 660
304.09 132
228.84 23
297.15 51
596.59 60
220.15 55
271.21 30
280.84 24
301.76 22
631.96 34
356.62 43
360.62 71
315.38 59
604.96 51
349.21 170
294.69 18
377.43 49
397.87 151
451.6 46
268.58 67
214.92 17
311.1 185
275.41 72
295.35 134
358.64 47
112.61 249
464.13 21
295.04 40
151.42 192
527.59 46
924.29 9
331.29 113
281.57 70
225.51 241
471.79 48
304.85 52
313.75 113
241.41 64
345.71 51
583.32 70
746.78 41
325.08 68
713.59 54
334.04 41
264.66 42
410.63 58
429.67 52
319.7 9
483.93 35
353.09 39
203.74 110
221.25 54
377.44 44
350.1 523
353.49 97
330.99 51
347.52 572
252.68 72
438.55 45
454.66 35
314.73 544
503.27 49
365.09 9
304.32 62
321.36 84
276.12 68
298.65 24
284.52 84
257.88 526
383.12 64
468.2 40
312.74 118
203.56 717
206.55 815
289.4 56
605.09 29
327.36 82
325.47 92
129.19 55
297.66 88
544.44 49
331.51 39
330.81 68
487.62 30
775.01 36
419.28 37
275.64 25
190.16 79
456.15 36
145.59 852
298.94 132
334.7 415
260.04 115
291.74 49
554.28 43
417.5 114
325.13 86
462.7 58
341.83 44
182.25 50
277.55 90
291.4 40
286.48 63
316.61 124
342.32 27
461.76 61
353.29 34
791.1 26
360.99 43
435.43 29
842.88 17
231.68 30
378.67 62
320.76 48
199.19 757
343.02 28
228.68 71
327.57 31
197.26 130
201.86 667
319.83 453
330.87 53
360.9 440
593.56 49
288.93 50
311.76 69
163.6 892
273.05 36
426.0 71
323.98 669
273.08 78
249.74 64
322.52 34
362.39 66
267.04 67
340.29 43
316.14 637
336.3 602
509.49 33
561.46 29
198.73 1148
180.11 802
227.34 88
281.44 79
384.86 158
418.09 39
370.35 79
260.32 109
257.32 49
304.97 194
552.02 36
220.59 91
280.01 143
182.76 233
299.22 123
482.36 28
314.24 189
302.12 69
176.5 99
281.75 159
483.86 37
200.39 62
393.63 59
486.12 181
505.04 38
278.4 130
222.08 42
292.7 362
448.39 187
181.65 392
349.56 167
293.19 64
665.11 83
828.81 21
351.54 27
298.95 67
329.76 67
292.93 45
371.05 13
344.99 46
218.18 65
391.66 57
589.46 26
193.66 517
428.55 83
377.01 27
358.41 59
310.0 382
667.17 34
365.94 33
339.19 95
271.22 233
596.27 65
311.58 177
531.2 80
275.21 69
333.13 123
290.4 23
240.13 54
230.63 139
311.4 215
281.28 58
355.44 195
330.9 89
311.41 204
297.83 117
307.02 43
352.46 343
319.71 36
330.5 116
300.11 135
196.75 230
208.34 61
245.17 57
340.87 304
308.23 156
328.07 66
294.22 213
248.22 257
413.56 25
280.12 44
475.41 42
306.79 55
367.51 53
462.64 33
424.69 48
232.87 83
573.99 67
366.16 143
253.77 83
321.8 122
279.72 175
308.38 113
369.11 32
260.6 53
649.55 21
243.83 100
673.43 29
292.94 26
263.47 190
262.63 37
299.44 42
261.41 41
299.66 150
183.86 232
329.21 56
391.01 71
670.97 31
268.9 270
389.07 22
433.81 55
304.79 150
306.78 108
327.0 96
307.31 278
501.58 42
290.76 139
280.59 486
397.34 117
362.54 114
264.01 421
297.71 22
409.86 72
489.99 26
270.16 34
158.67 523
347.73 364
314.96 91
303.92 371
355.92 48
552.97 44
248.17 485
341.11 57
366.87 12
539.1 12
343.56 110
332.17 62
455.14 47
300.55 38
278.32 18
316.3 54
160.5 750
298.91 409
292.52 45
617.24 28
558.05 33
232.9 118
394.83 71
376.0 39
356.08 57
243.52 99
333.85 72
607.64 31
280.04 59
320.21 31
299.62 58
227.01 122
432.05 55
322.48 95
292.63 60
216.62 48
428.51 26
277.67 103
333.97 37
323.96 66
330.64 55
297.06 111
292.34 31
457.05 49
226.78 96
517.57 22
172.05 1541
327.43 1102
355.07 70
211.14 69
346.09 93
344.49 76
224.55 34
229.47 60
327.72 32
474.66 59
317.35 25
471.24 49
349.58 64
284.82 54
385.45 53
309.39 33
314.55 29
287.8 61
470.09 23
557.43 29
419.21 109
490.57 30
428.41 39
179.56 321
422.8 16
264.04 122
309.39 77
373.59 36
566.89 16
306.71 182
586.97 78
250.15 20
304.31 91
341.56 48
392.07 62
335.6 51
401.04 44
301.11 39
278.6 67
305.57 39
229.43 64
198.24 255
399.16 128
916.81 19
377.29 28
297.89 45
261.73 65
246.99 70
515.43 44
345.12 134
354.99 44
561.9 51
418.38 38
312.01 38
583.06 32
299.24 70
494.64 145
334.79 42
395.81 42
300.09 31
339.89 38
270.14 106
319.58 70
422.77 67
491.75 42
257.3 218
232.81 88
396.05 32
294.44 119
517.08 56
314.91 180
508.96 29
283.31 41
385.78 95
267.6 45
359.08 109
357.49 40
293.17 60
230.69 62
434.87 48
225.73 341
320.01 43
418.49 139
332.89 205
312.79 173
317.27 60
366.53 70
424.83 69
292.53 46
363.32 86
326.26 92
185.72 183
328.26 51
484.95 25
253.1 191
242.33 122
338.54 319
413.27 43
206.33 338
354.9 36
206.37 203
498.01 42
410.07 112
282.07 76
344.17 72
453.01 57
308.98 63
479.92 22
274.36 24
212.31 104
444.91 94
190.02 197
229.79 530
370.25 57
587.55 44
246.32 48
259.15 243
561.36 36
181.6 85
461.9 25
400.71 34
216.74 67
324.84 151
533.26 80
243.92 583
446.44 48
359.05 35
293.67 480
297.44 77
576.76 49
439.49 51
389.98 28
387.26 109
337.27 72
473.48 37
292.68 44
278.56 40
429.02 29
228.23 87
401.39 48
604.96 38
417.89 62
280.21 48
358.96 82
306.17 83
357.93 35
310.87 97
372.56 52
206.81 218
264.27 77
372.21 28
290.17 32
297.75 52
255.51 41
395.19 87
350.74 102
349.19 23
326.5 83
158.92 772
588.57 64
358.76 49
339.57 57
320.78 49
352.8 335
372.82 91
287.58 118
345.16 56
249.5 570
317.02 586
305.33 80
165.73 287
288.75 504
205.09 233
338.41 52
206.26 116
257.84 166
315.04 380
326.93 74
320.89 570
323.88 45
389.72 32
302.87 131
338.98 508
314.76 103
287.33 59
665.66 13
457.09 79
380.14 91
461.2 21
457.79 68
381.57 31
350.03 46
157.66 116
279.88 13
550.2 82
267.35 122
594.55 51
395.77 47
317.42 24
398.82 52
612.09 36
300.3 44
326.25 93
415.06 39
338.37 57
420.96 32
249.55 60
285.93 61
331.52 60
353.24 38
184.59 131
303.09 75
301.25 78
416.03 29
527.18 30
402.57 40
284.79 117
380.45 113
387.72 8
319.85 151
610.4 11
464.99 112
324.84 69
279.5 101
520.23 24
192.97 179
233.48 59
337.78 45
205.57 69
313.2 211
483.09 24
315.39 30
321.47 12
315.92 431
349.86 51
390.16 60
337.2 23
295.3 99
408.93 30
227.78 59
306.6 359
469.56 26
208.22 631
429.44 36
351.34 209
312.75 66
391.37 15
481.35 33
276.33 67
364.74 89
808.41 29
265.49 108
236.53 87
318.3 96
293.79 67
296.12 99
430.24 48
338.23 33
292.89 379
350.12 81
521.02 124
562.81 33
302.79 38
287.17 105
321.07 51
564.63 69
315.55 60
543.57 31
351.13 74
281.8 115
362.53 27
231.7 136
365.69 28
261.51 57
403.67 42
329.9 50
355.01 651
278.74 120
290.02 96
370.52 42
292.78 113
384.94 45
468.98 31
428.98 76
281.84 45
506.31 40
424.07 44
490.48 33
228.88 1290
182.34 208
326.23 79
248.88 84
1002.3 14
288.58 123
407.08 38
298.49 76
379.04 92
292.84 44
228.8 146
365.6 80
775.04 42
370.35 177
308.02 56
339.98 73
269.55 138
208.33 65
421.29 46
456.1 56
299.88 50
348.05 227
362.89 49
390.9 59
305.26 181
319.14 45
426.95 58
317.47 66
335.53 231
209.6 530
508.49 47
304.5 69
323.04 67
241.17 84
512.41 52
589.48 52
462.06 19
310.89 502
244.3 49
178.23 110
356.4 60
342.59 44
439.62 41
332.82 291
210.71 332
240.68 60
290.08 159
224.04 1206
286.66 41
268.88 94
262.0 49
265.51 86
344.63 114
294.12 62
268.89 206
280.59 305
171.91 69
479.1 30
152.1 259
316.17 1154
306.43 92
297.2 84
353.47 254
282.82 11
464.06 55
470.68 32
347.68 141
215.89 46
343.31 44
517.92 53
294.12 48
229.77 355
384.37 188
264.48 500
546.05 134
309.37 89
351.67 270
243.99 83
378.57 153
284.99 241
295.27 98
300.3 488
195.61 538
546.67 86
472.42 87
309.09 153
208.0 214
282.73 58
402.82 38
320.18 172
373.43 78
232.44 144
352.7 210
405.68 105
575.87 40
367.96 57
272.74 116
617.19 32
339.47 1156
605.93 39
405.46 230
355.81 102
257.76 59
296.21 90
283.17 92
370.32 32
245.16 60
594.97 75
320.91 262
377.26 42
288.53 49
322.21 78
340.67 43
280.16 151
305.22 1654
342.15 52
301.84 54
260.7 153
231.51 45
311.35 193
319.49 36
352.17 51
344.68 52
309.27 143
310.95 308
191.24 60
348.52 86
431.49 34
173.19 30
484.12 89
369.98 40
349.79 33
225.59 64
283.81 61
1188.15 23
200.16 795
500.27 57
346.49 32
288.36 188
285.83 304
369.37 61
323.55 41
370.52 15
383.43 79
290.81 44
377.42 89
352.95 908
316.16 42
277.36 39
359.09 55
368.33 38
575.06 24
292.15 63
296.55 53
446.3 65
288.43 43
297.09 49
292.02 41
395.49 96
347.04 444
396.05 106
294.6 75
353.41 312
364.4 41
413.01 79
385.91 13
294.43 37
236.49 85
286.54 173
642.98 18
404.45 95
441.34 46
254.67 241
310.93 129
234.26 94
547.05 24
219.86 53
331.14 40
438.18 48
468.41 33
341.98 55
254.08 67
198.82 94
325.1 77
592.67 34
325.3 100
569.43 66
322.5 120
345.03 32
314.23 353
346.47 82
430.9 64
244.31 52
246.29 69
233.35 35
183.74 617
212.09 225
620.69 31
369.22 46
447.95 40
579.37 15
305.94 60
549.93 13
314.74 40
426.1 48
268.25 122
492.25 34
832.23 6
330.14 141
294.43 57
338.48 175
274.92 143
300.62 60
232.89 169
257.12 48
302.67 347
477.69 53
410.34 39
286.44 57
390.31 138
476.44 43
348.18 53
309.55 118
332.0 261
345.12 92
137.93 272
944.08 49
330.02 27
271.98 102
275.37 19
255.63 70
393.8 27
260.3 279
256.23 221
255.13 128
406.81 61
341.06 69
263.74 41
179.97 179
456.97 59
364.21 82
284.83 52
370.04 154
236.3 53
382.53 83
318.26 42
1016.46 22
358.09 90
380.84 39
231.05 196
433.25 49
541.08 21
343.34 95
383.0 37
217.86 68
438.42 106
351.36 20
174.42 288
326.05 106
323.5 227
244.37 80
328.84 148
378.68 58
305.76 255
289.75 46
402.91 619
335.49 51
351.15 523
380.53 57
239.18 53
