202.635789314
135.395842784
248.766798241
119.983277561
12757.3069972
165.673410582
868.861124051
117.074068686
279.393212565
150.667663455
222.831499472
226.035961169
83.4448870432
322.092382622
743.000517606
229.192488596
291.380250526
247.059288629
220.188073298
255.776581495
189.069271181
451.329295887
179.492956925
421.275314759
2446.65386639
313.026178835
1503.26373726
394.109286331
244.488410429
598.43599339
755.359520649
274.305486995
525.558856752
323.807361744
191.659710793
115.455626324
769.860643963
216.97455942
296.616478148
332.742485461
74.9889902173
4436.14021417
199.09738122
227.80993113
569.811835035
2013.53335693
331.805179215
264.253771859
392.007432606
150.230277231
131.311995527
532.005616329
216.425644222
715.276945647
698.865229625
174.244194515
403.907186371
130.273227851
147.653403988
254.276999588
266.655316777
223.069520195
272.539767935
4549.50664613
484.654483856
189.922853624
122.425551528
385.173370076
329.038266432
124.301627933
196.915916731
167.482376843
246.857278143
228.549718615
14597.5434268
176.940427193
694.428472136
347.441244134
197.533065489
311.468307918
10564.218402
2708.27302869
273.908709727
171.428566227
319.185269241
257.605491564
387.04941035
292.268071547
275.161697104
177.653201166
1162.55602224
297.758303611
192.102827813
607.110298611
204.244847524
162.022956088
136.006955772
195.239802877
179.467852277
816.353950529
176.480290715
423.201711331
235.911822294
912.399918036
176.330048183
307.096464289
646.479810475
1542.33108212
128.606253436
129.140108782
169.499805867
334.354745595
152.816194675
124.186895727
188.919299168
183.450575988
191.864049594
148.455418914
22505.9834529
187.724082683
209.814636292
838.754120858
172.007738201
183.411556302
160.108532112
228.944365944
123.008271073
590.283366996
903.817577028
261.135964485
143.566840012
259.454148407
240.710915406
105.927995908
127.580313797
458.902034218
133.852378098
201.347624692
221.352485967
4172.19842191
428.252312335
182.089574277
249.536452212
211.581552755
213.959168908
314.168097699
168.626580853
547.395683543
209.530954357
278.586903806
206.897150332
135.09457455
156.221345794
145.480735508
333.710406135
165.306699301
111.187561032
194.319581033
148.994023543
163.39724044
234.962045248
695.771635628
347.816956307
201.517297228
172.67256025
428.698196082
163.192774882
343.121564447
168.040791236
411.515678024
443.630715696
514.236566233
222.989633657
475.532628868
159.207550745
162.545029726
227.355948716
268.993480865
194.430034065
475.309992664
450.308332533
193.441409673
131.814951938
125.570563057
222.770132842
874.328450169
137.758275018
264.066360764
274.866537323
417.294768649
343.734958024
529.118220618
205.135866696
74.9743586205
180.47425269
1260.81869379
121.399372466
275.365642346
197.526968234
187.149872527
405.004653949
419.076724611
168.929954406
176.376428816
136.470019407
216.951253978
298.140230605
182.767727178
133.464949958
50.8947087871
543.358696586
516.099869315
118.951120997
267.845995431
7645.47069481
662.901719957
1491.40109404
136.492713675
126.086925137
401.697569531
152.145767394
255.572226357
256.11015989
327.081020174
173.077189167
342.141782766
215.643693752
261.47873981
466.946254029
358.800323702
276.125844532
161.221110016
188.092700773
125.837957601
298.397165214
232.855049949
483.074481733
232.299700442
1124.56606024
1163.09817491
582.289130595
520.073350422
183.1998902
886.010592459
159.312694083
171.888232049
180.536641966
147.324262378
119.601119854
108.230626636
181.395447578
219.819086076
311.56506676
202.674823657
966.85002058
211.071123741
313.455857302
247.938885157
196.198249602
1021.6273216
209.716938005
199.785087599
132.129613362
244.635886329
127.684674891
105.337220497
170.448347621
983.596555582
354.025997717
345.811148181
229.714104534
296.804597694
160.345574094
143.013329055
300.560632558
959.982498663
772.371480112
205.880427041
110.106933637
132.62285344
291.513893675
687.872839739
146.517093642
146.645108396
274.801453895
126.870983692
258.344610095
143.198034005
186.214300245
105.697182028
148.665540078
359.060049617
151.839084794
280.842593294
409.166377201
452.002256226
171.835142517
119.562982647
213.253821423
611.847084013
125.109380522
193.394858103
151.682962943
1055.68945668
804.540973368
174.206068301
198.256794847
183.756950442
260.30142421
169.338936984
419.725901604
152.580944589
203.10969463
594.770883352
146.146548923
305.226920213
268.352670918
294.343953638
171.976647498
624.704474551
290.541100821
551.583996122
12881.4597253
504.718951435
249.769995937
534.149861024
249.489552874
200.869438775
1288.61699333
103.269190591
363.106565443
193.577821828
197.382519525
290.93438189
294.411816568
133.447770377
141.656854652
154.647796852
642.834400603
241.046320086
163.969428078
128.498285095
175.054370743
108.765762748
152.208176524
228.39504773
171.155984846
158.462966889
283.095686379
253.919606546
410.615030614
141.213024979
1311.02682704
147.075009375
264.700777015
328.550930493
348.121429066
111.821964067
456.729370292
146.647323077
130.020215849
181.001640683
136.268822051
211.44656133
166.166421913
128.232072276
556.040303833
583.778694846
266.003988856
165.80604635
136.029274247
517.445438729
511.693540829
193.77006024
162.962510789
320.08097107
167.702421282
380.92134711
1417.38904507
1207.15974299
191.267926354
60.0527111772
216.787424367
265.946909182
257.004245731
77.8751545332
262.658500036
366.157567006
223.940770818
399.956978499
396.372296222
1348.3605762
124.092307211
264.21528543
434.096342344
197.108062662
102.408002543
4253.35901935
187.927271231
223.51955845
187.661481983
567.940783844
130.323136239
218.391012665
193.588982892
168.043319179
216.675930966
165.774647396
225.989823774
165.979855555
140.177332932
123.496383681
111.425177054
217.084477258
128.74992454
286.747395422
232.143386496
656.379373628
158.901046547
150.304021142
155.811673278
269.445611518
398.382816403
540.836631502
712.159606752
231.638723256
129.679195678
156.706670969
393.402724594
133.732067412
188.484470969
146.010315519
203.558624743
1072.07490805
100.789600988
632.156194298
188.135883864
185.487221649
210.079923889
579.112451076
150.399935705
1473.56676808
146.119415686
990.158370343
233.346580274
120.719388711
208.151934092
238.744775216
135.833801108
204.418926914
118.850638771
339.973462824
311.452863381
165.525817202
432.329491428
135.753582243
205.174307282
346.067684838
189.363813169
194.371331452
164.926611841
176.205019385
338.311762251
269.766377367
605.123071699
113.880802328
192.673357661
157.278005754
422.314721271
371.210006014
542.687313024
194.647676281
880.525458226
189.247048756
363.587690787
149.313058108
2339.96703159
125.259884371
177.096262085
307.688728642
264.034032228
139.057869916
225.211310542
296.037833061
229.059484702
951.808186426
449.764648387
532.700484797
375.844584033
131.109497385
449.887088129
251.819592417
182.328679248
321.767470745
217.897423037
204.157500544
459.943303958
183.498939772
848.389358199
153.359735791
122.198298322
190.334698115
154.563410443
179.405179047
138.057415173
269.483603847
7165.11534898
136.714417319
68.591653065
299.513482531
186.561201156
304.707254862
174.513590599
490.562088255
107.718377178
228.217413123
135.953806378
270.936185164
214.818095163
411.831678652
126.905250018
702.433287984
119.359165881
168.236647253
304.929585623
681.737578227
211.395303854
169.192844175
312.390249447
217.031039099
170.062696481
1038.46834539
336.617331364
107.175305817
260.440417244
531.612188647
168.454504367
568.938966635
189.062302902
253.961497167
331.339227532
1340.16133649
148.699206915
762.537832235
9524.38488249
199.972904402
173.322199542
1383.81597485
222.244554729
318.96558354
217.840179991
100.806992498
381.772257127
162.662832405
191.622453328
185.334505103
730.390291014
736.671533995
640.673956862
504.959336766
111.890638039
577.17828673
127.477257976
102.904858492
157.01365568
438.397125166
184.197449479
574.207495092
145.552872188
207.441299246
292.28445438
275.769102292
270.912151622
353.502226406
212.435854276
141.108524491
1304.90740081
156.304024506
204.062895062
267.688400067
195.558915844
223.840532652
551.057248296
318.821903977
259.840390488
236.21796001
148.427531222
571.071305195
218.403948716
123.510748572
80.1930937249
172.314440396
206.062090095
150.493856071
169.250134664
202.190654369
224.291559321
458.799380932
125.897489021
201.493044634
107.194435368
610.405914978
307.363439502
247.655508374
89.7039353117
300.634433256
260.971209514
145.090160124
205.074025358
232.329604368
267.605310157
178.553288789
121.431815589
1463.07585894
337.035051244
283.635960115
121.515208398
99.6199420617
214.090172266
524.602915466
185.45432084
278.956742629
1019.1692143
205.240531966
190.939237492
183.678183433
139.397087424
2226.49607711
1703.98494392
280.043720991
222.675288225
457.560288384
404.089026308
208.680047191
74.3939522549
161.736481431
1442.5924862
129.552260991
425.416451027
494.147934403
106.368453155
271.949597576
1117.26714155
161.119165685
183.5681774
148.990080964
215.819694956
303.043730517
196.250917664
238.994358976
633.066327229
192.910272385
88.7754416937
172.581832587
147.349442583
263.369230042
421.301599388
166.283526055
282.790389097
583.400407407
230.660961823
198.424581568
505.777233371
589.898764626
260.955941686
241.273930925
219.214790388
2497.5794127
105.377378719
194.027125088
292.50479793
241.727540073
229.325606814
521.314067198
136.675981077
226.493986207
154.919388029
185.108227802
255.260888496
228.563524317
213.430681567
1091.93463852
214.916371363
186.130768438
239.412458888
260.811527598
253.371122453
217.339119177
679.87370153
331.274635123
145.506919789
314.005857198
817.051451807
265.228845513
116.780004816
174.701069727
186.615686921
365.614299504
239.6618095
365.738101333
2523.40909594
184.467778446
1078.11907893
334.710335615
220.744266484
178.819654924
214.455082928
321.963819256
300.066975845
890.105525176
464.848024266
120.275558363
232.773187449
159.649294314
159.34075871
275.055777783
2813.71896973
157.593026314
346.5496173
145.963680166
190.935314939
462.153565526
403.302212279
442.09651
477.505778375
284.272741427
330.342989271
440.514272997
199.171433003
372.747036243
233.880471806
523.221588102
177.894621306
714.676496701
833.34689923
193.134368395
337.090852862
128.996912318
266.590967917
267.772489355
146.393866056
180.932377808
1301.18905896
336.891710132
305.125722334
200.806418122
501.578822133
117.889649523
716.709608853
151.360425699
127.202120121
354.764585147
179.601077784
102.800328924
273.775116415
219.964466142
163.637133562
57.5806044733
215.197313449
117.578284901
147.268784291
295.813372744
141.263141606
402.373693497
660.188214453
358.690248977
370.438892155
167.026262043
191.921305075
65.2744654409
534.793187508
152.197533059
324.420065241
333.591189874
300.66349639
167.322251376
2724.86401585
303.610978393
242.611480757
235.065082424
152.676569899
109.25627965
176.644904975
226.756618037
161.111821535
4449.54325702
110.031284269
377.269570197
96.8337752815
743.985679774
185.545062087
157.085823449
275.077803063
158.294135995
261.607420692
405.848134886
3202.11000324
85.9329206012
155.532286697
375.853255438
223.726626844
117.411099355
332.081355487
198.045401161
563.679504042
195.247580369
211.966669492
118.039040174
350.184029953
161.989202194
177.098195143
236.725595377
122.563444436
617.867152357
74.5445114696
228.762064723
80.4058424168
190.246007022
1676.02672196
219.29000797
218.669462356
133.304994283
212.893188496
187.213010469
1008.56051836
155.877844763
207.191660899
1921.65093383
581.359736096
357.044297648
737.897575115
216.587268005
135.618998096
182.763599167
139.582257054
179.367681005
291.036343151
627.506939801
433.078768281
130.872393611
144.937719078
176.436282746
179.502736783
122.982484527
564.639293919
129.057296445
719.039464732
224.488986271
94.6470870831
175.141697383
177.782175786
193.113098585
224.976168098
2805.02652112
234.101127779
207.729068182
250.911769985
215.723491364
86.3363319869
419.552872321
166.029278337
208.269154916
116.307356595
495.465605429
890.70237321
183.883830101
711.613339981
169.00274301
209.378622307
236.472634781
275.339702109
179.385766949
226.797755747
217.949682914
175.072588775
7749.63518651
278.181606021
246.616921852
393.322582617
211.374191288
167.982430592
329.561946911
212.878614441
1378.36872849
121.252615136
180.315911088
198.459473043
78.9374653659
194.595293931
257.347986717
205.364944981
192.743090859
179.942142739
365.717347854
500.221426368
229.935729881
169.973969192
127.920920927
351.432026258
1014.9302492
189.351201648
555.218308982
149.766394102
194.748983425
60.5065529809
365.384119316
111.294765701
147.788686601
146.251432416
320.142281867
706.752512289
121.163949122
112.584354217
146.974834311
274.073589938
191.325286796
178.312038647
159.40900112
372.560206781
245.113814237
236.095794094
161.419540031
116.609967649
190.168152408
184.74638852
114.68742138
83.6386306935
875.511422287
174.218672705
352.456647883
3373.13787133
195.104447474
375.877567515
357.656039437
359.553695124
4360.70421292
340.342308493
173.678304488
161.543008907
174.958530434
171.714027151
128.698002409
117.306747646
153.141633229
166.817990309
215.248072997
425.907511234
3075.83055894
130.268162877
780.212924999
502.502903069
176.622237791
368.255863949
150.357492918
151.328542574
70.9570211059
289.734081524
278.432646417
553.645653351
208.131743797
209.193730424
383.98716759
116.043943389
144.908936575
129.435758381
474.160897037
225.073839657
532.364259185
91.1589343707
205.696081154
149.823504256
161.346560768
195.907319785
570.498092496
223.979363735
176.124883924
9717.30490152
148.222294372
304.841907746
147.171070637
414.283110406
187.939950631
1106.34850502
243.6150803
79.4562000661
1784.16224432
144.4410839
143.406264205
227.35531011
136.231870746
92.5099199688
156.783861626
1846.05029112
263.027560364
404.498908579
764.622733307
193.199722306
207.320997911
170.401933477
231.113780978
