199.854493929
134.65459843
248.929251151
114.429552147
12757.7247501
168.050303021
860.954447882
107.788334061
275.538904799
149.213255518
223.186816129
224.186444029
85.7150362531
310.710220789
737.449245278
226.726327501
290.845124975
246.278093709
216.57984786
253.808942236
185.738320765
446.66352378
175.875977102
411.98124054
2453.27332403
306.585845734
1502.66053113
384.382874772
247.051487569
594.24496688
752.070147083
273.35500328
521.936652637
319.332097078
195.365407103
114.710250712
767.409430962
216.495055618
292.156065319
329.02581993
75.9826382048
4436.39668451
198.236781661
227.709403719
565.444719274
2015.97414506
323.840465722
264.184105091
381.792829764
146.737739241
130.068832753
524.904300776
220.121289176
705.825416593
694.111920259
176.115224342
396.151700808
128.242340683
149.481140891
255.579802989
260.038436096
222.341873356
269.841156098
4545.53702791
482.598389991
190.231312699
120.187530208
379.676256523
325.052391321
114.817787366
199.499314446
169.633843124
247.786951384
227.969883997
14596.4408427
171.307504636
695.161104033
344.982154254
198.547870059
313.91953023
10557.5432998
2707.79685002
271.173497115
175.464434536
323.492291861
260.454093287
387.66551082
289.12775445
273.414219099
175.490698467
1160.94465204
299.236076431
191.669678145
609.91378514
202.937581865
163.208258063
135.804268476
196.077778887
183.565713132
812.714175803
178.176325266
412.442373386
224.24099797
887.696205095
175.545201328
306.802066709
641.174477227
1535.49347246
125.358756841
130.815896531
165.330886208
333.062745253
155.66651172
120.765666002
189.04842746
181.206084323
185.759847335
147.650905225
22509.117441
191.329812947
210.435438394
838.730317473
175.703379643
179.977824961
162.390336783
221.177242158
125.093961408
591.289874691
887.363851983
259.137870174
144.037092734
259.646041928
240.957082415
103.615059539
124.930901236
445.572156983
138.944005416
203.400272229
226.357917425
4174.18813053
429.533795161
179.860362291
248.872182449
202.527368769
208.824703544
313.910688346
168.42552661
530.152622079
209.257390659
272.366850795
208.688745401
137.690673369
154.95836441
145.105473283
335.107359934
163.356507556
110.284232372
188.734483865
149.922416249
168.134764812
222.840413935
694.865261525
353.051111342
199.165633969
171.551911599
430.508232217
169.53929297
339.069142047
172.936922813
409.621036426
442.241030863
510.085962443
219.321095306
469.754477168
158.780669958
152.454981817
225.536605744
263.920778894
195.927561983
472.816805219
445.772562996
194.422001473
129.989653344
127.597117827
218.378642648
874.379589957
130.665366617
265.261303503
270.63974426
413.090259045
335.540791156
530.043842028
204.146805552
72.4905023494
179.509550532
1261.1550242
121.646674468
259.351083547
195.138371105
186.754805215
406.017451903
419.466360515
166.491325693
174.613782875
136.093838545
221.754276309
294.276176084
183.066024257
126.661251823
50.6256524525
549.03039649
508.481833855
121.072014428
268.869007044
7628.00567049
654.336684264
1465.85906749
140.007791672
125.712999958
405.950953098
151.330892356
253.160012276
255.600909435
324.747039416
164.75077624
333.063659455
216.29919225
265.830910685
466.424931372
358.375782828
277.717057712
159.308863418
182.847836271
123.541602956
297.513709335
233.740307769
475.310867268
230.521897052
1123.03688005
1164.30969016
571.634873139
516.123420253
191.502163525
889.045270786
164.223973865
171.559108953
178.078808037
148.256305922
123.419148427
106.188649163
180.184767598
220.509644426
310.093578727
200.144912831
937.855791325
211.016917157
317.771244193
248.910841494
202.466969781
1017.45793819
210.464385895
203.936618221
134.314112954
245.883572222
126.883326189
105.232922571
168.67026641
983.68620908
354.46219785
345.513500701
227.88607085
296.36811809
159.372792628
143.897086308
301.758693959
959.966610017
764.44956041
204.822906066
111.172412405
130.827899363
290.658610113
681.185739406
149.28372882
145.905218096
274.068247603
124.230498489
256.237083396
139.9344844
187.549805841
106.064884291
146.99982323
356.075685091
150.526747867
281.458383115
402.821392686
445.595322953
172.212894758
122.655372261
212.659348548
611.077733301
125.24485287
193.918515594
152.335171681
1044.63842335
798.636598781
170.974486301
201.322530487
184.508878338
262.01675471
163.486824236
411.398304315
151.311671578
207.602461039
584.477196776
145.511222274
304.665489017
268.944888515
296.47994622
171.554563608
619.013441871
288.240334061
550.274701592
12878.6210807
495.604835066
247.986060119
525.717395909
250.431053184
196.770708223
1290.24198574
100.01518625
369.892585463
189.802620396
197.393837981
289.838658566
295.712173761
131.548740067
142.342079557
154.808095293
638.307960415
235.447811389
164.1994657
126.983676717
175.511067835
106.67702516
152.134482987
229.261582839
170.469907723
156.948479425
286.351917685
252.46173622
405.984483416
140.504251458
1305.88956064
148.197858573
263.087743391
328.154035138
349.218966684
112.342927612
451.196065575
134.918976904
130.379271102
182.746927403
135.473913309
213.515452301
161.637296967
133.212087238
549.437076301
583.037623967
264.380972412
165.357048568
136.101426036
510.532286348
513.789043151
194.97319886
160.403157199
318.729615101
168.765454004
380.542348917
1396.54486142
1207.77990621
189.536762107
52.1294305649
219.237965673
291.887918924
257.332586555
68.7136355961
258.03093041
359.209942429
222.977705709
400.791994033
396.525094707
1345.21455105
126.074361964
261.645159181
443.619234975
194.89823262
100.911296985
4252.60808423
190.079802071
222.920159562
190.047260667
566.140583905
128.995234754
214.874370296
186.808008888
160.501905301
215.016990546
170.055089019
224.565390951
166.249549122
138.784525254
119.903471399
111.041508615
216.780421086
133.606160806
281.118860666
226.435991934
653.455619936
156.557271668
143.057828498
155.586146214
271.582701184
403.891314167
532.701537803
701.89240327
227.540581153
130.341039419
155.355841444
392.722106294
133.746196801
190.256755544
147.016748299
203.750187734
1071.4895455
99.0399743142
633.528720338
188.126618573
183.933846232
209.661254939
580.793648893
149.417599639
1466.10215506
145.253709263
990.93548008
227.524617612
120.781612182
206.25929288
237.766582389
136.41690268
204.433366586
118.74664851
338.776420449
311.13177521
164.813569517
434.100472365
134.600750866
205.054386355
346.902047426
185.4079589
193.61227853
162.148519189
172.545000421
340.418323729
266.99956188
606.855978657
112.161074053
186.930412762
158.118779694
425.156079909
368.812136505
538.531143632
195.864994767
876.231296022
189.700371459
361.788118693
150.096149196
2336.36322574
121.796301794
176.787778041
307.687829828
263.889407913
143.546752592
233.163769322
295.134181264
229.404593134
942.803446003
449.891336549
529.444886102
376.074015398
129.269594761
445.897335608
251.712895165
180.674712578
314.532148608
214.931338206
200.713284168
453.261617129
189.485333277
837.243885115
156.347421426
119.159024366
187.2785875
153.690121521
183.526987269
137.298139623
267.613414496
7163.48982734
138.743068061
66.2096532842
304.802741549
185.323258305
302.056015219
174.818482499
486.041749599
105.918933476
224.807379684
136.558907403
268.887323866
211.194444596
405.228387067
127.789888159
692.968027603
118.138225528
166.447948171
303.586738693
680.782067323
214.83576706
172.045883257
307.851739595
217.207826557
170.074873416
1039.16542596
334.856470638
105.439437236
259.140846469
525.361124969
165.42382458
568.967935426
190.476324598
253.927465776
329.835547057
1339.61180018
149.728762347
756.587578138
9525.09464365
201.08649328
162.226774562
1377.50481275
224.699138187
318.999650331
215.266785917
99.116356025
380.144083265
161.702199386
189.379822094
187.776516746
724.792226742
736.667156379
636.78447668
499.927074164
112.385764568
573.698605641
126.115586737
100.15260521
157.070805477
427.865462734
182.602938114
578.486217193
141.278011798
206.71287395
288.729272795
282.941299204
271.374464505
353.060155366
211.029746935
142.757015527
1309.58247875
160.416257145
198.94956801
274.965513556
195.244248423
221.685646075
554.381491495
314.308754905
259.801362092
238.227708027
145.729597835
568.283124245
215.572372603
123.688260555
78.6703486101
175.972542076
201.707463005
143.856912169
168.025840105
198.142830371
225.72910169
455.758168508
124.958068975
199.735858093
107.238860324
606.74173818
303.719051932
249.959839003
87.981018381
299.03751899
257.03879676
145.625670464
202.611133666
230.833751359
268.774609868
179.21505779
121.956044802
1457.78517493
348.368112928
284.465947153
118.577183468
98.0714628976
215.066637844
526.794598441
185.612955447
276.345188037
1008.90315951
207.194635154
192.464921749
185.948964351
138.974980405
2217.94780504
1701.80170251
270.87502977
213.072492018
452.250372332
400.241808041
208.480398658
72.6160632081
157.705112769
1435.9561223
129.787155082
418.932382997
491.979054199
115.264013118
264.869169238
1109.16698878
159.849517156
183.348975486
147.41208451
218.209935094
299.018252683
198.884676472
239.690183057
624.905320862
195.456354124
87.128194516
174.665701514
148.219832228
255.327619507
417.403238035
172.481088568
283.505411125
570.893972131
233.665432298
197.123145257
486.117956424
585.82067187
258.344332674
243.630152533
217.805573142
2498.26138106
103.175574283
197.862152312
290.522060777
239.509557651
233.599151925
522.906197377
139.887568593
228.862794182
153.06688905
185.211101025
255.17936353
226.116174946
212.090793463
1102.09047668
215.291598339
180.70459662
237.564963363
246.653149519
255.132990805
215.43096499
676.86272631
329.840713724
141.634323427
313.284494802
804.594555325
260.234942681
117.008744211
174.902485724
184.229689341
365.592140504
241.419162335
364.680027199
2510.56019903
185.223197641
1073.20595513
329.764081061
228.616939063
177.862091778
213.87779744
321.784124368
302.926842189
884.228824991
459.41524249
120.320212954
231.995610968
159.849408711
161.440371753
278.204866922
2813.35766062
152.454842236
346.848892443
146.683645242
188.227644842
457.126133844
395.438198538
419.111857684
482.630861735
278.017535719
329.619182355
440.71526804
192.835380858
361.506113177
234.65212461
520.134390579
180.988532388
714.954718466
823.863888276
200.16230728
332.206958059
125.758193083
262.608206893
265.225188672
146.036746164
179.960216097
1299.71036794
335.540241404
305.473245385
190.739029385
504.157688863
115.236680485
713.796021794
148.881607434
123.799827286
348.39634336
177.645053906
100.839279713
272.085771931
222.755211963
164.663208111
49.0491891618
213.938664527
115.945970678
135.6032366
291.422940878
142.513215387
403.366583106
652.55186912
355.879340806
360.921338396
165.093085866
196.045098187
66.3651173767
533.027450388
150.611986524
319.690407039
334.785441104
300.820401656
165.185235924
2727.49028947
302.225166619
242.192393027
236.569952445
156.69851395
108.470994611
176.082406535
223.857945118
160.132502673
4446.44117751
109.922889699
366.221913565
97.4258681445
744.865359107
187.207078056
159.931026723
273.080627972
160.111454679
259.745068229
414.206172502
3203.66382911
89.0068472191
154.269393125
371.482322223
222.127333595
116.199808701
329.075114955
196.937080456
549.980627035
196.447063024
210.522516837
117.315298505
348.036503034
161.287132379
176.45873966
236.831554528
121.804531743
606.158793061
75.5628273195
227.91000991
79.1139058857
191.398673991
1658.39887613
220.981421918
214.6846696
131.805653667
212.09332086
186.877107344
986.682788839
159.730630056
205.939184738
1920.39804218
579.718069438
351.145716618
744.040364627
217.5619327
136.404470925
184.093516386
139.172036801
179.080421047
289.30352082
623.283899837
431.22622608
131.055795378
143.9083097
177.492638664
180.896627023
123.276295458
566.117997092
128.761568532
698.678886779
225.370308116
92.0330009807
174.681588137
180.163210024
190.072590572
227.107314341
2803.39153414
232.664467667
209.592230239
243.654729165
212.916532103
88.8212829582
416.406138739
165.41024549
210.511912081
115.095809339
497.475480944
894.524818402
183.756126828
708.193660104
171.691425233
208.783069617
236.1927375
272.855584551
172.46800622
222.545203386
218.294443915
179.555489884
7747.91655243
277.677274176
248.166664116
372.868633883
211.253758464
171.941527451
326.619551008
213.665088013
1378.10097276
122.239593594
181.839148699
204.097777163
78.3435093445
195.827548167
256.384732804
201.544570393
194.804137393
179.019901521
365.166249817
502.992051692
228.232133795
170.604207579
126.337367187
349.244252178
1008.46826241
190.172545949
550.743644577
148.765497857
191.964436578
59.244299455
360.575130233
111.264684493
145.447014958
139.864897499
322.567615799
705.617110116
119.057620621
112.625267015
151.405626723
272.932929012
190.577826102
178.268876358
155.193434495
373.119219121
245.938168166
234.549690141
162.488319503
120.780182137
191.339969737
189.327426493
113.846778826
82.9076025774
868.525595391
173.818412609
347.757813964
3368.48692507
193.746032898
379.484840551
356.730252123
356.714135806
4356.21773261
330.808736428
167.971015223
163.518694149
177.642742193
171.100080515
127.105372427
120.018441699
154.243956607
169.915204405
211.320417543
424.333459986
3072.22607094
134.346576419
778.695932444
491.281893305
178.252796707
367.999025425
150.791124667
149.03894053
70.6070008284
286.951536431
271.129063816
553.31614492
206.854460493
211.021624587
387.059908913
115.397579902
145.495264981
128.787480196
473.881598812
225.726010634
535.208816922
91.6105670992
210.155003027
154.388216293
164.242040634
196.33871661
567.909778935
225.240523693
176.935545048
9717.69153356
149.206441961
299.206137901
145.115522705
410.196593972
181.237248491
1102.56018832
240.529592398
75.8472939413
1781.41821729
148.394282851
144.600506766
225.815424558
134.724999983
90.4552532407
157.94435358
1826.25916571
259.562823934
396.307609792
758.417911031
192.619524421
207.370234841
171.935861334
233.133109835
