4.99991797685
2.97002463329
4.30133285807
2.02544234531
4.11606523871
4.07333633366
2.75785282389
2.98688281895
2.03407957494
4.04388752608
5.0499246498
2.33516701713
6.77169332677
1.81470015549
6.53318239605
6.31585436921
4.61636468775
2.79741764577
5.43383880166
2.28057224797
3.982882475
2.57966357663
2.4709019901
2.0896814149
2.67193578518
2.97546293816
2.7017449492
2.61380320948
4.57953536925
3.24513820011
5.07332128226
3.07087854138
3.97841479376
2.67375890233
7.60321099176
2.59645305192
3.12361897225
2.21022426858
2.57756482764
3.40729505125
3.00277997033
4.07947920571
2.70768842115
2.62087927572
4.13110731581
3.71029140472
2.71286712105
3.76207093872
2.77304140081
5.92351997189
2.76039253022
2.69559587329
4.16703016881
3.45514476548
3.62579842391
3.47394227512
3.55660471326
3.86918130794
5.91127975635
3.71662837625
2.5041164179
3.17864997545
2.65346383218
3.26537110102
2.92795090084
4.90429260396
2.22960221478
2.22283888103
3.64006303978
2.02056149306
4.23835011829
3.65473968853
4.20580635037
4.60772981688
5.7860032979
2.89197866878
3.60253025438
3.52649586531
3.85814658445
4.18439513112
3.95638369187
4.73986173732
2.55751457448
3.86919215141
3.89750642298
3.55000742818
3.22476650107
2.8158054773
2.83286370126
3.62897343817
2.12453036776
6.99047820164
4.57988392817
3.15229478061
4.14033958129
3.48897453915
3.44624625683
4.41904096165
2.65955453579
2.76882666439
4.45430831348
3.08696685547
2.51501102668
2.62408419748
3.89981602251
2.79359531882
2.94044649026
2.17768481785
5.45814418295
3.53661233353
3.61264254313
4.25328988956
4.13768182905
4.45145424041
3.87306288788
3.48246792938
3.98622615731
4.11248235303
2.8566213875
4.89161919528
4.1519479353
4.6444121217
7.1783013523
2.14732231109
3.37698572583
3.10194493663
3.13952441954
3.58503987864
2.64673055355
2.81720980699
3.8676325366
3.97430306485
4.11717726397
4.13974904964
4.0808917413
2.58708386588
4.14389892389
3.20769132528
3.26335426786
3.15092193935
2.03071870784
5.14501234997
5.45880756925
2.06046315677
2.18589174368
4.67784170868
4.59128980614
3.25033882884
3.97803586382
3.13761703002
3.62520006403
5.25463742896
3.896371543
3.50115264944
3.54419970055
3.57961804127
3.98497958389
3.05961231924
2.2541364085
4.10728518301
2.75538679619
2.07734007127
3.49679676143
4.29361774367
3.44989334485
2.09037052702
3.78233711209
3.71376781821
4.38612763954
5.77166941388
2.9036715061
2.29278282133
4.07545252822
2.62772402732
4.38902201289
2.62906630934
2.75817984376
2.52367213371
7.62409708709
2.91697208393
3.46017189439
6.8569765435
3.66330407252
4.31556404344
3.65284658242
3.68477705218
3.65243102011
3.85871002611
3.14608744516
2.67535929571
2.203447777
3.92196382795
2.99795427564
2.71482619237
3.98210181307
4.31438665417
2.836848575
12.1023054453
2.3732163765
5.68979159147
3.44615750037
3.59208367591
3.10307688308
3.89378272804
4.91546641888
3.05446759208
3.00253862383
3.59581779521
2.81352880616
3.42856955239
2.9644770645
3.69724077324
4.30724779472
3.3857902826
3.0327577818
3.31668042977
2.64267061107
4.81736771204
3.81381660831
2.15377255895
4.06700562643
2.87739521644
3.59567166312
3.5305675917
2.06174030637
3.18033084533
5.70286124428
4.1646045778
3.34968661813
2.59113338662
4.56336894534
2.49165844214
2.16699015311
3.27953486747
3.68107456554
4.32780306794
2.47718904162
2.50280563877
2.79307329491
6.00119544586
2.89749550437
2.28503762516
4.00115206512
5.11530717456
4.24786133964
3.77487021535
3.48432711338
3.15318575396
3.64807470643
2.71322232909
3.34956052745
4.19240449413
3.98492829135
3.47128957733
3.12615713889
2.44851025529
4.3689084168
4.72369304464
5.25214274671
3.32478906283
3.88974012583
4.04492334269
3.93999581873
3.41508453004
2.60707590847
2.2623449909
3.25216401669
3.76880945488
3.82547720142
3.7886492286
3.15913164406
3.69655302068
4.28033960758
3.68609753746
4.76264305117
3.87138935991
2.23756018481
4.00738014046
2.43701446653
3.93078171005
3.64849480153
2.78327186877
4.58578763914
4.9270026923
4.1305943804
3.39161154431
2.48390215319
2.74559761258
4.13184634041
3.83215237688
2.84559986329
2.6806667999
3.05299728326
3.41363398566
2.50834922773
2.81259299723
3.57047054334
4.25109093158
4.36264797014
4.29066043134
3.15182820416
4.05985499726
5.62586346895
3.42416263978
2.88271372225
5.04612161845
3.16719239334
2.63789555777
2.29733128903
3.24340495507
2.67421180631
2.05762316745
3.13716726472
2.94494791847
4.48544352368
3.17626898606
3.40884400647
3.22770797563
3.94053678102
2.60818304653
2.47225620541
6.06603445059
4.74607369657
2.5882333601
3.63372505377
2.31877553955
2.7446860799
2.64760561432
3.17314200252
2.68932399749
3.36382095732
4.43285091747
3.88977025279
3.58115337501
4.39995317866
2.43692496201
4.00509452222
2.6673348894
3.10183762188
4.77251310268
4.26286380512
3.90567137264
4.33376233945
2.73902139558
5.31926623044
4.09285080942
3.77072234428
3.35475392072
4.29377678199
3.74959830413
2.62927917916
2.8767925305
2.6647706953
6.05177144173
4.09854816206
3.60246311485
2.08870679113
4.77222802252
4.07069382822
2.67352865778
3.19609355467
4.20348155184
4.18365062358
3.97884038997
2.25529907695
3.51939722181
3.01304844442
6.05233221909
3.19849108073
7.95219007119
4.16401095659
4.52101332281
3.56600130372
3.43421072432
4.93039309332
4.54846821929
4.16948752556
3.64658135317
3.12129295023
3.70215924959
4.80939240439
4.89178017864
4.65400396713
3.14133974927
4.47817318683
2.81642709974
2.82391695473
4.79511164672
3.68770893507
2.45634856052
2.86497664089
4.44870021819
3.47998192312
2.13784182144
2.18529722328
5.01746030174
4.86776757547
3.880181194
4.7055690733
3.56303270086
6.24122138685
4.11631379688
3.16646955178
3.14146119767
2.58184063158
3.86341838518
3.10948082337
4.83608119293
2.87189500557
3.4946179906
11.9141794485
2.70825392455
3.1240179888
4.46602475961
4.40838063926
2.17872578102
2.38706078924
3.73866580145
2.58344747526
2.35953950758
3.53020169755
4.27832259032
2.79267669365
2.49309198401
4.31743955656
5.31459178172
4.3157108918
2.94250406396
3.40918461205
2.69336892114
3.80672429513
5.33414322291
4.6092451281
5.25271403763
3.65275544141
4.6125789872
3.31131815063
3.36644929407
4.21355257539
2.89291352534
2.8492726871
2.49625361212
5.37940296039
4.20755163329
3.37824634561
5.90518053145
3.96701707611
3.96729901465
3.15934987614
2.63622168232
2.77564905037
2.32649665242
3.36903462525
2.495541395
4.53936046249
2.52881120431
4.18064025438
3.34242408295
3.22791392361
4.36342782925
3.63222738461
2.21752666371
3.84307108598
2.53415273351
2.4556325129
3.07481574517
3.4545096131
4.12031556726
3.39557406246
3.2296294068
2.8685922629
4.11266059962
3.55046937282
5.3788142471
2.9641722559
5.51577652889
4.37087310547
2.12767992556
3.23253345908
3.52119976191
4.86229325677
3.28959016892
4.77347581431
3.56324932437
4.6754111045
2.51239669286
2.72264551417
2.89062221286
4.23233047149
2.46206516728
2.38964594291
3.53303306746
2.64810988908
3.30486795433
5.0119425979
2.23090818798
2.97367510638
3.95987423696
5.04625223692
4.42420298899
3.38668646672
4.31127183426
2.89063502244
3.7947544038
4.03084258206
3.13112361565
3.80941092156
3.16806422612
2.90202859047
3.67253933394
2.91419372992
2.78008416112
3.98774901787
2.88836671478
2.94537055524
2.92380005422
3.41489340412
3.82069233821
2.9517123972
3.42160016733
3.6697023404
2.00870136083
4.69958005499
3.25344502822
3.26977721253
3.19148810892
3.45067843103
3.390261909
3.55287365061
3.12534584302
2.6590518477
3.63696024547
4.55687487459
3.05508981142
2.54934535376
2.17965151577
2.68771392602
4.87579695416
4.32468603976
3.75190226009
3.46656311818
3.47534267428
3.92827762535
3.52367677747
3.60201358993
2.98198520875
2.86379937635
2.10160758802
2.83089331258
3.93681545425
3.77899759567
3.63267827072
2.38386797311
3.64582988849
3.21588528413
3.25404133775
2.52532926463
4.01989464688
3.34158120508
2.31900050559
3.01176916509
2.5186390135
2.08222130793
2.57830476673
4.49307259157
2.80841693016
3.87914637593
2.3797037652
2.75439197389
4.19496349092
3.65297851056
2.29577001774
3.8159712456
4.65614015906
4.72009835385
4.43153013544
2.73039379424
4.41137145649
3.51154430406
3.1979966309
3.14184414381
2.63843132209
2.6286328308
2.86005206475
3.4985583902
3.07636939272
3.20813212827
3.42494741362
4.81745362756
2.28628129402
2.52096935111
4.51363511404
2.36390949559
3.86020247622
3.68902198428
4.59927834882
3.86791037685
2.51340596185
4.83390839869
4.27954889779
5.21969793387
2.31059613126
4.6092114847
4.48835257116
2.73104655744
3.49158496724
2.95595023394
3.5136285739
4.99754056967
4.40256064438
4.29871203549
3.19689130309
4.18240327511
3.85568150055
2.85618432418
3.15258084164
3.24855580804
3.24205624082
3.3381882996
3.3262139027
3.82314092738
2.56219817406
3.09515122718
4.29465706954
4.11578373825
4.66744371144
3.85356820222
2.53292736704
2.66665438757
3.77717048876
2.5183953242
2.3451432637
2.77348292575
3.61332686586
2.82455175737
5.01718592306
2.69433294647
5.00073003891
2.50872812721
2.68998038219
3.62358638302
2.86765914553
2.03199462029
3.63896978478
3.0695359413
2.64602952294
4.83909990261
2.63542890514
5.1822359699
3.09674697773
3.50325358384
4.38458058952
4.15849249264
4.46154894147
3.60512924374
4.78824305915
2.18039523097
5.06735113537
3.92632442008
3.24601776422
4.30530991441
4.57150655073
2.3974495284
2.73593772694
4.3668414399
4.56614103796
3.05602077139
4.87686763012
2.85482013751
2.79261725412
4.99313914579
4.52269133401
4.2613649953
4.30529470303
3.47915764761
3.69224067183
4.46700772574
3.32752203964
7.15529615896
3.29625308345
5.639268092
5.50879607264
4.36838421365
2.42002114758
3.17296310545
2.46872094862
3.5733356333
2.60573270068
3.94633727525
6.03146384963
4.08350040939
3.38642008671
2.76102101103
3.11759152975
2.5091217814
4.54692832402
2.84765200902
4.24074039853
4.16690524122
3.44252740352
4.56216945248
3.14271810465
3.63977218461
2.55064701643
6.87839505931
3.28035788195
3.12020224064
2.8046735436
2.34204749865
2.75261187116
2.43082099135
2.21504110143
5.36881655648
3.29855776828
5.34336186745
3.89397075536
3.39103343866
1.76242198439
4.55020006138
3.79089375397
4.25572773992
2.80052416113
2.993195123
2.94689000509
3.24226569246
3.66408685826
3.79178605803
2.26231793229
2.34279315068
2.05392519575
4.61444576721
3.86294146731
3.77596494141
3.45367485674
2.1812734566
4.34902362351
4.09262162085
3.38479449335
3.00381772097
2.44433599286
3.37646830335
4.14376171882
2.60076499443
3.10422471403
4.81334411596
2.86911322189
3.98825146673
2.96215590036
2.80784352802
2.57994454672
5.54949635537
2.92350974847
4.06250714185
2.44437415549
3.73776769773
4.61153006639
3.96075304143
3.41158987969
4.41093146478
2.66315937504
2.85147301692
2.71531028299
3.26584946001
4.1878527326
2.73545985302
1.97599139442
3.60421741436
2.53819234767
6.24955208349
2.74562143946
4.99713700882
3.62840895048
2.67142300454
4.27854810292
2.80862458112
2.81855598529
5.15430136391
4.36055966139
4.39103953196
4.04248528427
3.13204539478
3.35982520715
4.29508028672
4.96292426477
3.61677770245
3.87961068841
1.82717579124
2.30397199601
4.6750826372
3.82274319846
4.51847669185
5.29582047059
4.27716175556
3.48007294391
2.90706998014
4.12517862664
4.67443083743
5.26966708886
2.78359730751
3.28081734894
3.81848403491
4.51994654497
2.87806659106
4.45407721764
3.39929004031
3.68466219163
3.91502333146
2.94962211999
4.76556779093
2.85456342339
2.44126114359
3.81946848935
3.1419932396
3.56603033162
3.13652913165
4.41891089964
2.86411024042
4.14501091637
3.0945110524
4.0657575425
2.82208887262
2.71330660366
4.52193543012
4.27961395493
2.14196144245
4.84427089951
3.52005703857
5.49330552258
5.09689662861
3.64170038592
3.41482315672
3.97339356606
3.35131078545
3.40574361033
3.88681771162
3.73920908173
2.73319964433
3.04209727617
2.95753144758
2.3374699379
2.99181553194
4.03065838507
2.45759099147
3.38989695005
3.89237265304
3.57399199847
2.81833768902
6.34951707647
4.1367922345
4.47664933999
6.85031926671
4.17613249177
6.88832686467
4.8461241359
4.5405394842
4.63261818892
2.57928455862
2.21262034945
3.33001856938
2.29123314318
3.32852507547
4.67176627641
3.28776784074
4.0448862087
5.03380109058
4.92747101318
2.62884282085
3.36016829154
3.8072884582
4.28378091711
4.2631193587
3.03514881342
2.62788351737
3.93947913439
3.9267475311
3.74074737727
4.49226241201
8.39230571422
3.73504331417
2.75913099306
4.35646358079
3.54218733471
5.25556754211
4.31610913363
2.43447729106
4.5664056701
3.29998103702
2.38296806855
3.57347632191
3.87651619218
3.08788460801
5.24111885352
4.68610013896
2.63073719824
4.2269849687
3.53957386088
3.28598256006
3.24008028236
3.82035503687
2.11007814095
4.05966662066
2.47463007078
3.13502072495
2.91531515026
2.71212551491
2.96842588935
5.04298679246
4.22119509969
2.02102692926
3.12514061281
3.76655784041
4.59524836513
4.43600124597
4.11946267959
2.27875011782
4.09319469034
2.88812288041
2.83718407092
7.96418769283
3.61759982998
3.99330474771
2.39132539981
5.91175960088
4.30441347436
3.50157228458
3.8766394896
2.7976190506
3.09156232581
2.4484489848
2.76251711494
2.27280498749
3.13280164943
2.8047615902
4.75249341951
2.0823282633
4.02723000205
2.47246449274
2.05766839584
3.65432005557
2.17951246023
5.21914326895
2.413249429
4.66085277028
3.48529326494
3.9610511969
2.80468398939
2.91749129715
2.69769677685
3.62079279489
3.87926861939
2.16517365121
5.80532068498
4.70270401008
3.1664667494
3.91632143763
3.33229462175
2.63216589203
2.12811699646
4.25699886183
4.52890662062
3.71866889599
3.64642429939
3.86548339008
4.81434313136
3.73751246342
3.25361323155
3.41116340366
3.1072378031
2.96740186843
2.98084414019
7.39102370059
5.58144531946
4.21277607809
3.36467064047
4.18661546275
3.83703587629
2.33555519113
3.79117910275
2.75344665076
4.08996432527
4.23213452592
2.1190922773
2.60050907507
4.03462594402
2.65626045179
3.60373284849
4.77341377071
3.03420077713
3.80139569175
3.88842498379
3.54285750274
4.00451653365
3.06998981201
4.00256975636
3.51322856274
2.46926592711
4.31293597276
5.17222473317
4.33526939926
3.6216058295
