4.79794614899
3.02241477792
4.15683994186
2.0422089915
3.88521323225
4.08104712031
2.74793497547
3.19982438178
2.03014232233
4.09633880137
4.9010639498
2.3099181862
5.61119165039
1.8223747648
6.78506929572
5.64673133356
4.03076521168
2.83099397051
5.74778786507
2.26262241745
4.10882338153
2.55048984325
2.40141898656
2.08443025061
2.66182939926
2.89758277938
2.75844477211
2.62747084135
4.66036862233
3.03089248466
4.74851563691
3.06315403729
4.00018082227
2.65131991361
7.52947673962
2.60001274017
2.99499014917
2.23304873391
2.66199997862
3.34948461491
3.02365934256
4.17440256042
2.69536789428
2.660716018
4.23021420961
3.69662084137
2.72358564102
3.80638183092
2.76916497193
5.90451360482
2.89086236268
2.77812186486
4.10380834005
3.56131077067
3.62605216009
3.42670003348
3.63401049895
3.7955436243
6.04301793701
3.8211093459
2.53704879394
3.1178180074
2.61839979221
3.19475230773
2.950305187
4.78056241385
2.26104193508
2.24804721815
3.61973226591
2.03059071214
4.20842003385
3.62880778381
3.7521554323
4.71039215671
6.03498738016
2.91483655262
3.66480364726
3.59177985761
3.929599115
4.05472000276
3.79208230844
4.59274670397
2.5989445427
4.06805394387
3.9176337974
3.4520101008
3.14357991033
2.88131787509
2.8406514072
3.64162305158
2.13418070438
6.64448521149
4.38119099454
3.31249630426
4.13404887064
3.59523889856
3.6016404181
4.45155571473
2.77195397949
2.64312387148
4.35572904473
3.07709397577
2.51118672606
2.61706876232
3.95667114568
2.80844220839
2.95669288639
2.21921512989
5.52468130918
3.5444804462
3.52203113176
4.28085992265
4.17753902968
4.57869964538
3.87797657651
3.26435210203
4.11156907617
4.18408197604
2.85566506139
4.59811718388
3.81328088185
4.58783630289
6.54439808507
2.15513060368
3.36157708563
3.15428015826
3.23875391481
3.58810844821
2.65360047461
2.98482921719
3.77651027001
3.9371852171
3.85103298579
4.17769333084
4.01773024404
2.55348697144
4.2933782917
3.1910235388
3.28568659103
3.23646480084
2.04015932051
5.16428399862
5.57095010166
2.06339834475
2.17016160871
4.12529785559
4.26719373127
3.25469620922
4.03565163922
3.19292250925
3.50928321711
4.88513515006
3.87207924913
3.40389631156
3.60897277463
3.55125380905
4.07399828341
3.00429370974
2.25814832415
4.28696676052
2.77107084097
2.0713062556
3.47344420418
4.30696077217
3.48197227681
2.1028064026
3.7583734154
3.67062654429
4.02182670098
5.92196659161
2.940180434
2.28674655731
4.05362328977
2.61558019984
4.49910801741
2.49145095334
2.80185781983
2.50296500172
8.37484752448
2.98394264871
3.52365589281
6.81874518028
3.53045741507
4.18659540176
3.71931866829
3.78228908414
3.64448311284
3.85942038824
3.17537515759
2.67079287834
2.2287319821
3.8415536732
3.00819895674
2.71545262615
4.04256431451
4.07596960482
2.89314998211
11.9223458788
2.3984032358
5.63539695846
3.45299183725
3.66756920674
3.15552416909
3.99168423895
4.91163762711
2.99414016458
3.03445973482
3.4503150281
2.67172283495
3.6780626047
3.01637558391
3.45481274986
4.26832579873
3.3142171232
3.00896617689
3.30831114562
2.64547951513
4.64935618215
3.97698111895
2.13625858443
4.11151379005
2.89993511316
3.48113316598
2.93731821659
2.07153223827
3.20566988384
5.76385562596
4.23960053183
3.34681446069
2.62765890389
4.7699386353
2.4932945463
2.15964681169
3.42915021394
3.69747525154
4.25882468905
2.48946646936
2.49197068077
2.61783227042
5.13728758311
3.27387749742
2.28340421588
3.94427392115
4.38254102128
4.58304973316
3.80586704058
3.26425666419
3.17252386899
3.57156472209
2.74930485437
3.42582971494
4.23341543904
3.99223350095
3.44673399209
3.13608887494
2.42925057702
4.35868980257
4.7319531337
5.16966321512
3.44426940087
3.81798774362
4.10096250196
3.78494846746
3.48515291867
2.652725359
2.23119832202
3.30162933736
3.75686663945
3.84670252673
3.66244972421
3.37687279941
3.7265030906
4.27658205232
3.51941855702
4.48327822089
3.854495528
2.24153298194
4.03764260887
2.46313706095
4.03057588683
3.5800764745
2.79323261566
4.62914346186
4.74479618597
4.21735089307
3.46450611556
2.47203525788
2.78887476813
4.05910205454
3.96076468613
2.83858316425
2.67046160078
3.05260758816
3.3583825663
2.52856593928
2.68310410927
3.57751669702
4.19038483427
4.27657011958
4.19385347313
3.20328629644
3.85448208153
5.72123719625
3.45514809971
2.78214238479
5.1961423984
3.14596863595
2.69289746928
2.37113352712
3.15384146118
2.68491806664
2.06739659912
3.28365939552
2.91214332033
4.56865819455
3.25430479539
3.52205498836
3.39223907696
3.79623625888
2.59707245072
2.53452970186
5.36959278503
4.66666321452
2.59890542315
3.83746277241
2.32999846523
2.73511538019
2.6256148145
3.14373381294
2.74687645925
3.41546477499
4.37603337946
3.78384848956
3.52806331453
4.68211673356
2.57604686913
3.95702096193
2.74937101201
3.15176127973
4.4438528583
4.34358924788
3.7770716759
4.39010310507
2.68659238984
5.54316242117
4.16379245043
3.74817877109
3.25079785541
3.99302236199
3.75909306188
2.61089842351
2.97524611969
2.58386996929
5.64686302122
3.87701055147
3.61945873775
2.08049248642
4.70069915927
4.16274591291
2.66053115548
3.22828145072
4.06552039958
4.27837745739
3.94538009527
2.28856839247
3.34519874636
2.98823312693
6.34302072972
3.35867590945
6.73379729122
4.19772126261
4.56111212869
3.61134599621
3.37553438517
4.81769634268
4.27860173615
4.10792052752
3.78421200874
3.12540775398
3.61396878916
4.34119083901
4.86334695285
4.69919475965
3.17408732782
4.46012282378
2.84918423408
2.86379849499
4.99415411207
3.612579958
2.48384029675
2.85050020808
4.3930723954
3.43545044009
2.15285668236
2.20599868623
5.95876183081
5.01409727027
3.84145490025
4.52577867217
3.74589255694
6.0213805973
4.40843469481
3.22137800754
3.03684265447
2.66331705559
3.59118991302
2.96374659076
4.64072803543
2.79005443248
3.39121901805
9.91257597642
2.7443122522
3.13082657281
4.41668822301
4.15138521848
2.18535891017
2.37089246008
4.13873249313
2.65935742466
2.36921577273
3.43478272321
4.21608087874
2.83775201872
2.50121941634
4.53566347838
5.20920866699
4.59740783592
2.95794166193
3.23355158897
2.48743510509
3.9179823975
4.93705145034
3.89238264327
5.33085372343
3.59883786927
4.59382239636
3.30954108196
3.2660952954
4.09762372524
2.93623744478
2.94613772653
2.51364876734
5.34490417412
4.15126326295
3.31804569171
5.92044007637
3.77802324599
3.83462013288
3.18691579336
2.62986244796
2.69006752578
2.33761564263
3.34713333394
2.52768328374
4.29445005798
2.57658012769
4.25925425477
3.3580648965
3.51573600992
4.23696305559
3.57285663787
2.20685555263
3.70699640714
2.58425403627
2.45118922339
3.08614098202
3.36427160383
4.11216714298
3.39680835717
3.29450866297
2.73171755139
3.99380412719
3.73328730838
5.02728289052
2.90252017492
5.55118279169
4.44844512502
2.15045093305
3.18987181626
3.57601280879
4.87319227483
3.25816051183
4.61037784054
3.48596646817
4.84424129175
2.52081096504
2.7221009883
2.92446447107
4.26501599609
2.45411421853
2.41744019978
3.57241426961
2.68060765989
3.25166782876
5.02622160999
2.24191658898
3.01331304083
3.86992752772
4.70566849809
4.36945965605
3.19418406005
4.26337365155
2.86932446254
3.78805454733
3.75280300171
3.13272593601
3.85060510014
3.23326007049
2.89803518273
3.67791754111
2.90532014713
2.84315860102
3.77837802753
2.89608031015
2.9314585787
2.8751523056
3.50954020369
3.34351521173
3.06986793754
3.53588750659
3.63724686553
2.00162466676
5.06479556451
3.2425426948
3.20663517143
3.23394297088
3.42146763664
3.34422066241
3.50305989167
3.28629029277
2.70078167102
3.59078004745
4.56408363173
3.13542654962
2.53425884795
2.17943146167
2.75720552555
4.88260531582
4.25014199236
3.64471048951
3.52994123098
3.35574688567
4.14621771934
3.48411391453
3.69757663242
2.96443195535
2.83556985484
2.11576219796
2.88166719073
3.87730912974
3.64536386902
3.7098810923
2.40833628193
4.02698614345
3.28386843938
3.22384154335
2.5453768306
3.69458663442
3.24883939154
2.32741751258
2.99696634156
2.563047146
2.08774063463
2.54771643668
4.14017165077
2.89253685909
3.91959792275
2.42296705505
2.72176477054
4.14211073088
3.6339645073
2.35010427591
3.81707127229
4.41167268122
4.36388890413
4.4549281928
2.76575699701
4.5171473121
3.53844922521
3.01223135888
3.2830227631
2.72989592517
2.54131144614
2.84329511802
3.56692840944
3.09477208693
3.17844375917
3.44004507736
4.51437928091
2.29991083613
2.51641132015
4.61344978343
2.35355807181
3.6932821179
3.83048755246
4.80048228673
3.76896020318
2.5290494675
5.1207309391
4.19113544775
5.31554072055
2.35314571682
4.63587633428
4.25206798528
2.81067156315
3.54406466353
2.95893657841
3.56148312991
4.98966655838
4.38736690022
4.32603996949
3.20329107638
4.25578481926
3.89760679982
2.85243102312
3.15528884688
3.21752227919
3.35220942072
3.38241022417
3.32819410045
3.71363648542
2.54909773947
3.20668823829
4.40972104321
4.10334876482
4.20199700109
3.87617822383
2.53174705026
2.69370635814
3.38842673826
2.60319284972
2.38349360251
2.84377710864
3.4742063566
2.86112429751
4.60530098008
2.69434970235
4.94744963567
2.53501578036
2.74433240716
3.80509712751
2.91557225379
2.03346235324
4.147029491
3.00791135242
2.6509346245
4.80696618861
2.74947869867
5.20369267288
3.02290965895
3.68278094403
4.44387068523
4.17697410039
4.14773203948
3.75252300586
5.07417839919
2.17962076061
5.0781692777
3.86734189448
3.3339659797
4.53559627864
4.65091445249
2.43818680997
2.80845995971
4.38126896913
4.76379563807
3.1267036141
4.91620962597
2.87463662906
2.76683939453
5.0827608888
4.37695900052
4.32788233701
3.99945134692
3.51627823844
3.63392657279
4.92960403274
3.38758908848
7.22188365782
3.25530391892
5.55122724287
7.05426978405
4.19288171087
2.4200624805
3.16718257973
2.48243046597
3.53953423403
2.6934743432
3.90063606552
5.93491262541
4.04969561079
3.28596451992
2.77425128077
3.0565731965
2.51820056107
4.18578418356
2.92442291574
4.05646084581
3.78842658202
3.37011930348
4.77338162907
3.13918680419
3.72131470793
2.53106331904
6.90468174855
3.25844751327
3.11600675961
2.80867188596
2.35231847592
2.81505382813
2.4201296315
2.22332063555
5.2758505404
3.29862665656
5.40666608134
3.97030710446
3.39673618148
1.7659076405
4.54305900659
3.79615036706
4.79741777137
2.75457751674
3.06404670104
2.8969091888
3.38895144699
3.66807543309
3.73101810807
2.27241600531
2.36230255844
2.05924466469
4.56014248696
3.82814144856
3.86529451667
3.43952838359
2.22081350551
4.47013261433
3.92410136035
3.46190987498
3.00578169552
2.45979136873
3.30129800958
4.23028464551
2.66832431395
3.1645790751
4.97758764267
2.88742715539
4.04402166538
3.04016948837
2.91213696835
2.64654131412
5.53675307568
2.93038486715
4.02461079997
2.48176107784
3.64352187803
4.25936805157
3.93249188463
3.3070723514
4.25101380079
2.74738593827
2.8284106914
2.96970573428
3.27125181088
3.97713638435
2.71737958768
1.99250402911
3.40568187133
2.5762812254
6.22575835418
2.75320870763
4.90827565208
3.79125604672
2.63847647024
4.24271330034
2.84110489621
2.85941550197
5.20169277836
4.39753211618
4.52765801011
4.09098238584
3.17647037258
3.53978545633
4.31824084775
4.96404643135
3.59882391176
3.96779364162
1.82540126709
2.30565945872
4.90371338039
3.82788609178
4.26682849998
5.3955109281
4.21257970638
3.50230971936
3.08114630629
3.85857113476
4.41163136454
4.91668569653
2.77375313383
3.33485601957
3.8122434511
4.7584227888
2.88327891447
4.45551334551
3.41034570301
3.75142495171
3.82638213783
2.95777084256
4.70934851646
2.86212642625
2.47111899705
3.77585207536
3.18314812136
3.61859281521
3.20495092091
4.40972755221
2.88076983765
4.09364096287
3.03997385665
3.98819412583
2.79730437094
2.75567262143
4.44587153524
4.11973875324
2.14638110455
4.81220848732
3.59129447357
5.54203531869
5.02344982017
3.56038866181
3.46512103294
3.94010304144
3.58909694242
3.38325438001
4.10423191048
3.71079896541
2.8083156755
3.03848786107
3.0030278318
2.3533765285
2.97730138369
4.15801934299
2.47523309173
3.38406853539
3.96306904788
3.52090793259
2.9537354085
6.19303448308
4.16838120725
4.63371704271
6.23284835871
4.2632730214
6.25285677855
5.06366453777
4.67862441301
4.62032381162
2.60709614412
2.22895500015
3.4792811293
2.32838646415
3.34473896584
5.07089647573
3.28902290267
4.28556370966
5.05800603761
5.11051252853
2.64297374102
3.49074276414
3.90693423155
4.14866118355
4.20691569829
3.01586285294
2.64338942417
3.8204204451
3.97689949085
3.72635642765
4.41550060239
8.22519881784
4.27884585719
2.81341294893
4.38531708856
3.41209291706
5.17368916314
4.47417684189
2.40008545383
4.66562779262
3.31967535483
2.40032010093
3.61940764102
3.92044396439
3.00390062003
5.32753708882
4.65535631933
2.64915747153
4.13442190883
3.521491288
3.35675489293
3.11530241274
3.85162679721
2.11678595589
3.87837727868
2.44645534696
3.25872759176
3.08259739692
3.01082742882
2.9642968407
5.32477085914
4.4135250585
2.02915048126
3.15810753863
3.69985873035
4.73515348166
4.36291232485
4.2489530035
2.29774904133
4.0416536913
2.9637867075
2.8362502112
8.06496243231
3.60206177188
3.84960875276
2.44414872094
5.80442895306
4.30322819736
3.51334075061
3.85877289999
2.77154761339
3.22133258824
2.43384801292
2.74737081902
2.26235924891
3.16405196544
2.85370761964
5.03718799987
2.10413530321
4.1272961324
2.48339883978
2.09130286715
3.71236242981
2.21708886051
5.18888964782
2.39479739882
5.37090764788
3.84455896705
4.06395532972
2.82850456004
2.96878107738
2.74157752487
3.57196398067
3.745295836
2.16503231158
5.51463197914
4.70792174973
3.12592330429
3.97813288085
3.29137020393
2.67338866375
2.13992853012
4.79240869767
4.46934954051
3.86803607582
3.69386049912
4.07759201601
4.75678722224
3.73781754296
3.25672297645
3.310174903
3.22379037646
3.08821443995
2.79112532343
7.49964557156
4.83200549588
4.16976773449
3.32693360955
4.10638136629
3.91309644983
2.34318690611
3.60220971393
2.60030459451
4.03943296268
4.24966313322
2.11659619435
2.64765403392
3.9599323349
2.70229071491
3.59052775737
4.45469839291
3.07720360518
3.69340441229
3.8079331425
3.62330485096
3.9401505042
3.05201718783
4.08078902817
3.59766734522
2.467938308
4.31249670831
5.11089105219
4.16003138588
3.80044339296
