0.619382194679
0.402179190202
0.0
0.940285958671
0.0
0.0
0.0
0.890491640219
0.0
0.0
0.0
1.20140511486
0.916118213778
0.973397117296
0.863120568567
0.0
0.468995593589
0.0
1.3405071629
1.46450433361
0.0
0.0
0.566509506553
0.764204506509
0.439496986922
0.439496986922
0.426228656998
0.0
1.37928048729
0.795040279385
0.0
0.936667381878
0.629249223856
0.5435644432
0.925500823082
1.23839635776
0.666578357995
0.0
0.453716339187
0.453716339187
1.44159648713
0.5435644432
1.1449721969
0.886166733996
1.2319817814
0.0
1.32681669073
1.16743672329
0.999337504169
1.02376146498
0.940285958671
0.485460760746
0.642064289231
1.36391906345
1.10592584425
0.49418293485
1.05100853887
0.619382194679
0.716175747994
0.653352308177
1.24067053168
0.730380006362
0.929588334404
0.973397117296
0.863120568567
0.0
1.52131482782
0.892995357352
1.73716490883
1.10592584425
0.801330160421
0.881290899231
1.02303706553
0.619382194679
1.40511452025
0.916118213778
1.35272419562
1.27012822848
1.39524971217
1.33453384198
1.28685951041
0.712231641536
1.75238411638
0.881898578025
1.43606280433
0.362051251734
1.67016351396
0.855789718807
1.60463300703
1.19390138865
1.20615933225
0.639457132485
1.68138132572
1.79726651225
0.779349837292
1.88431832847
1.94787993539
0.886166733996
1.68289399408
1.53434732169
1.49269827447
1.18872187554
1.75461573734
1.35436110772
1.65976479637
1.33201963223
1.13131468865
0.896038232535
1.98517856527
1.63744070527
1.82633120648
1.17541931499
1.55348450182
0.943771360669
1.95043959468
1.39032555931
1.46620359056
1.11507843624
1.58409797032
0.391243563629
2.09660494484
1.46188159898
1.56010851272
0.693127415328
1.72690281754
1.5077562288
2.26203852194
2.00664937724
1.04085208297
1.61971448172
2.21013652224
0.998124564035
1.65125285262
1.2010021883
1.37256320902
0.852919419267
2.30305521018
1.3265964339
2.00426652873
1.47036181707
2.22706489589
1.59544211936
1.62017616547
1.91360909444
1.57348869286
2.33105214067
2.27495382677
1.66361431432
2.33596813138
1.63712445008
2.83213270845
1.70411917993
1.82564943657
2.22130387909
2.39380214952
1.48901181913
1.83239076517
1.49129467648
2.3731080653
1.66470768688
2.53801769409
2.42881036144
2.27522623705
2.19652762705
2.95752693829
2.23624441137
2.51060944936
2.33567240907
2.49098110919
2.48641022181
2.81063685005
2.21498866858
2.63400004825
1.94350522643
2.0863628234
2.58357658083
2.68621717746
2.30623194391
2.13201294626
2.12095983711
2.13073881327
2.18367759496
3.08082835869
2.39968729838
3.13406785438
2.66327681319
2.87138550303
2.17213831517
2.82399813546
2.52680825099
2.76977714135
2.26397955303
2.90081208721
2.26391367399
2.51180210976
2.48868176609
3.02566538616
2.48122578114
2.81100797939
2.61854993021
