0.0833333333333
0.0416666666667
0.0
0.217391304348
0.0
0.0
0.0
0.181818181818
0.0
0.0
0.0
0.157894736842
0.0454545454545
0.0714285714286
0.166666666667
0.0
0.0526315789474
0.0
0.2
0.0512820512821
0.0
0.0
0.0714285714286
0.125
0.047619047619
0.0
0.0454545454545
0.0
0.0833333333333
0.136363636364
0.0
0.214285714286
0.0
0.0666666666667
0.04
0.078125
0.0952380952381
0.0
0.05
0.05
0.0454545454545
0.0666666666667
0.108108108108
0.0606060606061
0.063829787234
0.0
0.08
0.195652173913
0.32
0.09375
0.217391304348
0.0555555555556
0.0888888888889
0.119047619048
0.135135135135
0.0571428571429
0.111111111111
0.0833333333333
0.030303030303
0.0263157894737
0.171428571429
0.03125
0.0217391304348
0.0714285714286
0.166666666667
0.0
0.177777777778
0.0652173913043
0.122448979592
0.135135135135
0.0512820512821
0.176470588235
0.0833333333333
0.0833333333333
0.119047619048
0.0454545454545
0.161290322581
0.150943396226
0.157894736842
0.1
0.116279069767
0.0425531914894
0.162162162162
0.0425531914894
0.05
0.0357142857143
0.156862745098
0.0571428571429
0.125
0.0655737704918
0.181818181818
0.0882352941176
0.15
0.115789473684
0.130434782609
0.1
0.161290322581
0.0606060606061
0.144927536232
0.0357142857143
0.134328358209
0.152542372881
0.109090909091
0.104166666667
0.181818181818
0.106060606061
0.0952380952381
0.185185185185
0.123456790123
0.101449275362
0.181818181818
0.078431372549
0.09375
0.105263157895
0.15625
0.06
0.151898734177
0.0806451612903
0.169230769231
0.0
0.151898734177
0.16393442623
0.149253731343
0.102564102564
0.208333333333
0.0615384615385
0.0919540229885
0.0909090909091
0.0967741935484
0.037037037037
0.152941176471
0.0652173913043
0.181818181818
0.0657894736842
0.109090909091
0.0819672131148
0.0987654320988
0.0833333333333
0.132075471698
0.119047619048
0.147540983607
0.134831460674
0.147540983607
0.112903225806
0.128571428571
0.125714285714
0.192307692308
0.0634920634921
0.245614035088
0.222222222222
0.159292035398
0.0582524271845
0.178082191781
0.141104294479
0.185185185185
0.0571428571429
0.2
0.0842105263158
0.117021276596
0.100840336134
0.181818181818
0.0740740740741
0.15873015873
0.14367816092
0.24
0.0659340659341
0.12426035503
0.109489051095
0.078431372549
0.125603864734
0.191666666667
0.104395604396
0.197916666667
0.0943396226415
0.155737704918
0.124497991968
0.157480314961
0.0842696629213
0.175824175824
0.108974358974
0.178947368421
0.0960451977401
0.183673469388
0.10625
0.218045112782
0.126016260163
0.132075471698
0.0792079207921
0.151724137931
0.0945945945946
0.172839506173
0.0985221674877
0.213114754098
0.104938271605
0.160305343511
0.101265822785
0.145833333333
0.0904977375566
0.153846153846
0.111111111111
