0.916666666667
0.958333333333
1.0
0.782608695652
1.0
1.0
1.0
0.818181818182
1.0
1.0
1.0
0.815789473684
0.909090909091
0.892857142857
0.833333333333
1.0
0.947368421053
1.0
0.75
0.846153846154
1.0
1.0
0.928571428571
0.875
0.952380952381
0.967741935484
0.954545454545
1.0
0.75
0.863636363636
1.0
0.785714285714
0.941176470588
0.933333333333
0.92
0.875
0.904761904762
1.0
0.95
0.95
0.863636363636
0.933333333333
0.864864864865
0.909090909091
0.893617021277
1.0
0.86
0.782608695652
0.68
0.875
0.782608695652
0.944444444444
0.911111111111
0.833333333333
0.837837837838
0.942857142857
0.861111111111
0.916666666667
0.939393939394
0.947368421053
0.8
0.9375
0.934782608696
0.892857142857
0.833333333333
1.0
0.777777777778
0.913043478261
0.775510204082
0.837837837838
0.923076923077
0.823529411765
0.888888888889
0.916666666667
0.833333333333
0.909090909091
0.774193548387
0.811320754717
0.763157894737
0.85
0.813953488372
0.936170212766
0.783783783784
0.914893617021
0.816666666667
0.964285714286
0.745098039216
0.914285714286
0.819444444444
0.885245901639
0.8
0.911764705882
0.783333333333
0.821052631579
0.869565217391
0.827272727273
0.725806451613
0.909090909091
0.782608695652
0.875
0.820895522388
0.813559322034
0.818181818182
0.791666666667
0.727272727273
0.848484848485
0.857142857143
0.814814814815
0.79012345679
0.826086956522
0.74025974026
0.882352941176
0.8125
0.881578947368
0.760416666667
0.86
0.810126582278
0.887096774194
0.769230769231
0.972972972973
0.73417721519
0.795081967213
0.776119402985
0.897435897436
0.739583333333
0.876923076923
0.781609195402
0.790909090909
0.870967741935
0.864197530864
0.741176470588
0.891304347826
0.772727272727
0.881578947368
0.836363636364
0.901639344262
0.765432098765
0.861111111111
0.735849056604
0.833333333333
0.745901639344
0.808988764045
0.770491803279
0.814516129032
0.814285714286
0.782857142857
0.682692307692
0.857142857143
0.614035087719
0.733333333333
0.681415929204
0.854368932039
0.712328767123
0.760736196319
0.685185185185
0.866666666667
0.714285714286
0.821052631579
0.691489361702
0.840336134454
0.628787878788
0.771604938272
0.746031746032
0.758620689655
0.57
0.835164835165
0.763313609467
0.788321167883
0.666666666667
0.768115942029
0.625
0.807692307692
0.625
0.823899371069
0.737704918033
0.78313253012
0.677165354331
0.786516853933
0.681318681319
0.788461538462
0.652631578947
0.80790960452
0.520408163265
0.7625
0.563909774436
0.776422764228
0.698113207547
0.831683168317
0.68275862069
0.779279279279
0.543209876543
0.817733990148
0.565573770492
0.802469135802
0.725190839695
0.810126582278
0.675
0.796380090498
0.636363636364
0.782828282828
